63,10
63,9
134,36
66,11
0,308
66,10
66,9
66,8
0,575
0,574
0,573
0,572
0,571
0,470
0,570
0,569
0,568
0,567
0,566
0,565
0,564
0,563
0,562
0,561
0,560
66,7
0,559
0,558
0,557
0,556
0,555
0,554
0,553
0,552
0,551
66,6
66,5
0,550
0,549
0,548
0,547
0,500
0,546
0,545
0,544
0,543
0,542
0,541
121,1
121,0
120,3
120,2
120,1
120,0
119,3
119,2
119,1
119,0
118,3
118,2
118,1
118,0
117,3
117,2
117,1
117,0
116,3
116,2
116,1
116,0
115,3
115,2
115,1
115,0
114,3
114,2
114,1
114,0
113,3
113,2
113,1
113,0
112,3
112,2
112,1
112,0
111,3
111,2
111,1
111,0
110,3
110,2
110,1
110,0
109,4
134,35
109,3
109,2
109,1
109,0
94,5
3,2
3,1
3,3
94,4
94,3
10,205
94,2
94,1
91,5
10,29
91,4
91,3
91,1
83,3
83,1
82,3
82,1
63,8
63,7
10,97
10,67
63,6
63,5
10,131
63,4
63,3
63,1
41,3
41,1
40,3
40,1
10,95
39,4
39,3
39,1
38,3
38,1
37,3
37,1
10,249
11,5
11,9
8,8
36,4
36,3
36,1
14,10
14,9
14,8
8,4
8,16
8,7
8,18
14,6
14,5
12,3
12,2
12,1
11,27
11,25
11,24
11,23
11,22
11,21
20,2
11,20
20,1
11,19
20,3
11,17
11,15
11,13
11,11
11,10
11,4
19,2
19,1
19,3
11,3
11,2
11,1
10,307
